26
40
122
366
470
595
652
685
730
736
881
887
930
1101
1295
1385
1405
1632
1838
2005
2489
2585
2616
2620
2843
2929
2938
2944
3098
3225
3241
3265
3432
3640
3784
4037
4096
4180
4370
4399
4420
4433
4480
4719
4927
5270
5483
5583
5654
5661
5797
5940
6076
6101
6127
6154
6171
6483
6607
6700
6733
6865
6869
6872
7147
7178
7191
7223
7248
7264
7281
7340
7492
7578
7652
7767
8162
8660
8680
9017
9297
9454
9462
9664
9812
10525
10652
10660
10961
11127
11661
11827
12534
12662
12778
12780
12791
12907
13162
13270
13334
13691
13698
13888
14041
14377
14388
14405
14794
14991
15384
15470
15626
15729
15781
15830
15852
15889
16688
17043
17624
17635
17686
17799
17853
18143
18191
18222
18897
18958
19124
19555
19960
20017
20222
20388
20403
21549
21736
21836
21844
21876
22061
22319
22403
22474
22518
22620
22644
22654
22654
22835
22986
23036
23049
23544
23547
23934
24226
24293
24399
24461
24761
24913
25288
25300
25361
25387
25467
25593
25609
25625
25651
25687
25782
25834
25887
26161
26214
26214
26345
26524
26558
26581
26593
26640
26713
26813
26817
26884
26903
27161
27200
27235
27268
27326
27337
27464
27514
27529
27548
27612
27642
27713
27729
27932
28001
28099
28417
28539
28570
28778
28800
28830
28832
29029
29031
29036
29037
29054
29065
29099
29148
29161
29208
29212
29250
29288
29327
29582
29683
29875
30050
30533
30551
30561
30593
30894
31644
31711
31895
31981
32153
32365
32577
32651
32766
32773
32783
32902
32951
33118
33195
33554
33574
33578
33714
33721
33732
33796
33848
33876
33970
33976
34005
34062
34085
34293
34306
34486
34562
34578
34601
34612
34786
34970
35022
35079
35128
35154
35228
35261
35386
35433
35738
35930
35938
36139
36199
36513
36521
36542
36609
36766
36834
36993
37018
37029
37172
37371
37524
37626
37643
37758
37771
37861
38227
38389
38423
38430
38483
38898
39135
39240
39321
39326
39388
39418
39431
39472
39494
39554
39563
39599
39634
39646
39764
39793
39860
39886
40027
40027
40034
40100
40108
40114
40163
40203
40349
40354
40369
40401
40413
40469
40539
40716
40763
40888
40921
41048
41052
41161
41193
41217
41235
41289
41344
41389
41446
41457
41459
41488
41510
41523
41538
41575
41758
41804
41851
41851
41937
41943
41943
41943
41943
41957
41970
41976
42022
42055
42074
42074
42074
42111
42197
42207
42211
42233
42297
42300
42304
42325
42325
42374
42477
42552
42578
42639
42668
42676
42716
42885
42894
43005
43058
43072
43090
43104
43115
43118
43140
43145
43149
43152
43207
43275
43280
43320
43321
43342
43343
43437
43447
43462
43492
43547
43588
43627
43641
43655
43682
43688
43690
43691
43692
43695
43708
43762
43790
43817
43865
43876
43896
43938
43960
43961
43963
43977
43978
43984
44000
44093
44178
44198
44202
44349
44373
44386
44387
44430
44432
44512
44610
44657
44712
44748
44767
44774
44781
44792
44835
44841
44864
44891
44918
44927
44927
44939
44955
44966
45301
45329
45335
45351
45361
45434
45454
45486
45519
45522
45606
45639
45654
45713
45719
45736
45820
45873
45916
45968
46085
46324
46422
46472
46605
46650
46657
46774
46850
47021
47027
47110
47119
47153
47231
47275
47370
47436
47688
47714
47884
47922
47966
47996
48025
48051
48143
48195
48235
48279
48293
48383
48427
48484
48493
48503
48529
48551
48572
48602
48621
48638
48679
48749
48785
48976
49060
49085
49093
49159
49207
49229
49267
49313
49329
49335
49335
49366
49471
49531
49588
49640
49651
49680
49724
49796
49951
49981
50008
50051
50076
50245
50253
50268
50269
50286
50318
50334
50362
50363
50374
50419
50517
50519
50535
50568
50591
50620
50623
50632
50666
50670
50745
50745
50753
50802
50812
50872
50892
50932
50950
50952
50970
51003
51017
51018
51021
51030
51064
51111
51156
51250
51277
51300
51302
51327
51336
51336
51336
51336
51352
51377
51397
51470
51486
51499
51544
51554
51609
51624
51645
51658
51714
51717
51767
51771
51771
51773
51773
51773
51774
51779
51781
51789
51804
51809
51873
51904
51919
51964
52023
52084
52094
52127
52234
52235
52235
52247
52274
52274
52276
52277
52280
52281
52293
52295
52309
52312
52319
52336
52336
52337
52341
52358
52360
52360
52360
52380
52387
52387
52388
52388
52416
52417
52419
52419
52419
52419
52421
52423
52424
52424
52426
52426
52426
52428
52428
52428
52428
52428
52428
52428
52428
52428
52428
52428
52428
52428
52428
52428
52428
52428
52428
52428
52428
52429
52429
52429
52429
52429
52429
52429
52429
52429
52429
52429
52429
52429
52429
52429
52429
52429
52430
52430
52431
52431
52431
52431
52432
52439
52439
52439
52446
52446
52446
52450
52452
52452
52456
52458
52458
52465
52466
52466
52467
52467
52474
52477
52588
52590
52592
52592
52593
52594
52606
52607
52621
52647
52668
52702
52702
52702
52710
52710
52716
52778
52793
52798
52798
52802
52868
52888
52894
52906
52906
52939
52956
52964
52969
52994
53017
53023
53034
53040
53048
53087
53123
53153
53202
53202
53207
53246
53410
53423
53440
53466
53544
53569
53725
54010
54105
54111
54118
54149
54182
54226
54244
54292
54294
54467
54498
54526
54614
54618
54670
54848
54986
54988
55017
55046
55050
55050
55050
55050
55051
55060
55073
55171
55207
55238
55273
55286
55345
55349
55507
55509
55529
55556
55564
55641
55645
55705
55786
55811
55820
55859
55928
56023
56114
56231
56262
56332
56553
56601
56720
56747
56797
56798
56798
56798
56934
56935
56942
57005
57014
57034
57074
57113
57125
57142
57192
57403
57540
57656
57688
57853
57874
57887
57988
58023
58030
58041
58261
58328
58336
58341
58353
58393
58396
58507
58607
58896
59129
59195
59211
59269
59370
59462
59649
59684
59777
59872
60003
60020
60067
60075
60106
60206
60276
60425
60439
60480
60971
61000
61027
61072
61127
61130
61573
61603
61629
61649
61710
61827
61837
61924
61939
61947
62100
62103
62111
62113
62218
62245
62338
62386
62459
62472
62485
62566
62579
62744
62873
62901
62947
62972
62985
63037
63072
63109
63120
63139
63211
63319
63326
63375
63406
63431
63479
63517
63641
63644
63649
63701
63749
63915
63923
63963
64017
64114
64436
64678
64719
64801
64803
64881
64888
64889
65076
65135
65168
65169
65226
65255
65259
65315
65414
65444
65505
65526
